4 7403 9991 5513 6091
3 2207 9109 7264
5 9466 6987 5386 8932 2107
3 1357 5819 7010
4 8821 3074 8387 7234
3 6784 9152 5107
5 8030 9962 4556 9403 3399
3 6012 6881 1445
4 9921 608 2895 1289
4 522 7714 3059 4087
6 4305 5179 121 6052 4585 7364
3 6687 3246 7796
5 6473 9214 7956 9503 6207
6 7143 8173 3045 5275 2523 2423
7 686 3395 6534 9698 3946 2291 6627
6 141 6691 6076 6828 9765 647
3 7508 9444 6575
3 7601 4254 592
2 8794 7417
3 1811 9715 6906
7 1137 3688 4827 7470 4256 1739 7414
2 6923 1154
5 3794 5198 649 3840 5453
2 951 9346
4 5978 4670 8744 2980
5 4453 1538 3014 2380 2451
4 317 3345 4419 3227
3 6431 6639 5255
6 7709 9588 6325 3038 7747 7527
2 3318 1648
5 5185 8722 6932 2850 3232
3 1845 8772 6479
5 4174 579 2627 9071 9604
5 7674 1058 942 6542 3082
6 7327 2355 2390 4027 1341 7207
3 2396 5058 9138
3 555 8100 519
4 1201 2174 4412 2388
5 1919 3253 4746 282 9600
5 8130 9479 4695 3663 694
3 4490 6626 7649
2 2771 969
4 3147 169 3535 4644
5 1432 6 2712 8771 6491
2 8180 1199
3 5870 8037 7368
4 9448 6070 7903 8311
5 2246 4731 9620 4793 3767
4 2613 7670 2936 5885
3 8230 6435 9577
5 3231 6903 2902 6271 6148
2 9086 9307
7 965 100 7530 2434 3457 8470 4361
5 3790 3154 7478 3188 9895
6 1061 9025 9505 4268 7178 6172
6 1854 7150 673 632 7885 6246
4 9721 5507 2786 2507
4 1428 5698 9918 3810
3 6750 9101 2288
4 2073 4176 9170 7456
5 162 6957 9900 3008 5193
9 258 1406 7737 3509 699 4020 7553 5551 63
4 5096 6539 7533 6422
5 4010 5231 145 2371 6787
2 8738 7492
3 6954 4881 3708
5 4334 115 6673 119 9914
2 9051 5921
3 5631 2273 2436
1 9212
3 9669 2807 6830
2 7023 7917
4 3897 5295 8062 8799
6 9808 9672 7366 2054 4461 2894
6 3892 198 1164 5559 1211 2084
4 8757 2814 4345 7326
7 475 7943 5101 3406 2530 4364 1766
6 355 6066 6499 6916 7004 6090
2 6142 960
4 9992 4146 7100 6405
1 4300
3 5577 8340 3818
6 4032 5250 2824 7788 2881 5517
2 2634 3595
8 6280 3686 5505 631 5087 7968 4956 8636
3 7878 4930 7502
3 2014 2210 85
5 7567 8955 9208 3530 6614
4 3718 4285 7521 4347
5 6603 7026 7570 9774 2518
2 2331 5666
6 1803 2773 8411 9514 2099 973
8 5934 7830 9262 5120 2498 172 5930 4131
4 3701 2444 7294 582
9 2562 9862 4410 8287 4907 8846 7322 2952 2103
3 1652 7362 7690
5 6490 4947 7094 3555 4329
5 3869 2543 732 2431 6014
2 7425 5823
2 4908 5738
3 548 5171 5987
4 7888 617 9650 9741
4 2743 936 3645 4901
9 1160 1392 4335 7479 5932 7125 9916 6564 4331
3 6048 8959 7820
4 1102 1540 1875 6588
3 574 8619 4678
5 2795 1051 2383 9894 4275
3 2965 2019 7887
5 9877 9819 8782 6561 4964
2 8792 8618
2 3120 6051
1 7899
3 4426 5232 6216
5 347 1699 2618 2544 6202
4 9494 2132 4208 2149
5 9635 8901 4961 4820 2994
4 315 6755 8879 722
8 3186 2542 1231 2662 5092 8317 4708 419
5 4442 4604 3173 5418 3116
4 8690 859 4274 9958
5 5895 1142 6371 2565 6061
6 68 7615 7741 5774 8770 9784
5 4686 3768 2199 5660 697
5 5880 2261 7050 7194 3436
5 1514 192 3979 1473 4188
6 3503 298 3998 6496 8941 9700
2 8474 2681
6 9229 8534 9225 4775 4418 5723
4 9526 7214 3826 9418
5 2110 7647 5257 845 2338
4 4154 2987 1878 7688
3 832 2290 7021
4 7872 4407 2862 6804
6 1680 8284 1930 2487 7153 2254
2 1268 8670
3 5568 5139 75
8 4327 600 4727 1729 7938 7978 5365 283
4 8558 5016 1891 5211
3 2059 4963 6065
5 8215 7053 9637 7192 9837
5 8727 6631 7770 224 8694
6 7752 6131 3032 1071 6133 3952
6 4520 9965 4484 2991 9643 5681
4 7240 7817 2561 4916
4 5560 6810 4871 6088
5 9133 8789 9947 3080 4576
5 2575 5526 9100 5054 9478
2 2927 1911
7 9964 4439 6662 7998 3403 2007 2349
1 6835
3 8013 1212 4171
4 1877 573 126 8640
4 3453 8563 6661 3386
3 9329 3714 5208
6 3721 8156 1992 8402 3529 7577
2 446 8629
4 3590 6515 556 1363
5 3277 3940 8895 2157 8385
6 52 4499 9950 5795 5002 6441
4 7498 8522 2956 3143
5 4572 661 9032 2879 9932
5 7141 3906 2467 2810 6632
5 883 4369 8487 3633 2497
3 4697 9555 7162
2 5178 1508
3 9532 9903 8009
3 9673 4320 411
2 4130 7756
5 714 9134 9697 7718 4659
3 4029 2528 3901
5 4889 8921 181 9786 7559
6 4508 5276 9580 4965 4063 470
3 9893 7687 8395
4 7924 6235 9431 1635
4 9849 9423 3580 7652
3 7532 1018 7774
7 5637 6582 5463 7372 578 5779 1651
5 9756 6492 3157 7593 5486
5 5945 7208 6316 6637 1298
5 5214 6394 4762 8151 6576
3 4927 3607 5674
1 1596
6 3142 3354 6266 1928 6843 531
3 6436 2742 7260
5 9468 1454 5285 9615 5065
2 7997 7534
8 1436 4859 9631 1479 9148 4954 6898 1921
4 8496 2102 4037 3857
5 848 7523 651 6947 6511
7 189 1063 6678 6751 4584 1629 8465
5 4814 1254 1396 977 341
5 7661 6853 4890 9723 2480
4 4684 8788 4973 6301
2 4860 7540
2 8218 7215
3 7595 7422 3517
5 5825 3933 6833 6173 4235
5 434 1252 7517 4735 9982
4 9749 9840 5897 6737
3 7923 9642 7936
3 7783 7965 8909
7 6284 5084 725 491 6650 4875 870
6 8426 342 8632 9748 5204 9770
5 177 7522 3737 6806 5410
3 5219 5317 1397
4 3741 8682 4635 7341
2 2016 819
4 6190 1215 5216 5638
2 5902 7134
3 2008 503 9154
6 3525 4253 1814 8409 9873 4915
4 5816 516 836 8696
7 35 8264 3200 4897 1367 8114 7907
2 362 4978
4 2153 5359 6169 98
3 5259 2488 5644
5 2375 6761 6308 2668 2659
5 7970 5918 2907 3870 8360
3 2776 9161 7641
4 2934 2067 8631 1637
8 7815 2184 4558 8836 7332 8416 7568 3748
6 893 3303 1594 3734 7839 5707
3 7072 4058 9941
3 6141 1665 7722
8 4560 67 1624 4036 2269 8658 3279 2217
4 2784 41 8167 2367
4 2882 2716 1678 6413
3 2910 8900 4821
6 9231 8302 9645 2267 537 5991
4 5085 205 7996 900
3 5896 818 4184
3 3002 4512 9510
6 526 5262 1236 7440 6865 825
4 2148 7537 3808 7272
3 4202 1697 9204
3 9486 5635 7348
4 598 9018 7555 1522
7 1175 1402 1948 1783 3178 8225 9969
3 2389 9519 9558
4 9857 5909 7930 2791
3 3891 8075 4594
8 8541 7271 3761 3224 7386 5970 4516 233
5 3505 59 1563 3993 9255
3 5956 1328 2623
4 9871 5920 3948 711
4 6295 2025 5029 7911
5 8327 9295 5625 6952 8314
3 1577 6022 8805
7 3991 2320 9633 1801 9782 6074 8392
2 5042 5392
6 1006 7945 1576 6008 6680 2494
3 7934 2249 6164
4 566 5685 4714 3107
7 2312 8940 6783 4643 9015 4771 6546
6 58 8202 9452 8945 9544 1177
7 9760 382 9796 1714 2915 6017 7460
6 5676 5762 6290 7897 8548 4977
4 6717 6184 7805 2611
1 202
7 9682 7019 480 8596 4437 8265 124
5 5426 7634 1369 3444 4539
3 8081 6573 8887
4 5854 5936 5240 3285
1 3375
4 4962 8715 2587 9860
5 776 6852 1633 788 3642
4 5195 6772 5827 7063
4 6126 5950 1533 5690
6 4782 7740 8444 9512 5470 9404
6 9131 8599 5415 9847 6121 3006
6 5046 428 7172 9064 8216 1793
4 9189 1779 3769 2630
5 6968 4531 4683 5273 2582
6 9454 7310 5563 4866 9163 1773
2 5361 2504
5 668 2115 6305 3918 1993
5 7609 5789 1551 4998 3634
6 8313 160 9388 5953 3071 6587
4 9195 2787 127 6625
5 7303 2990 7804 5044 9838
5 9652 79 2749 9358 7066
6 3228 8148 8135 265 1990 4014
4 1243 3678 1946 3531
6 989 3357 5437 1978 8964 5269
4 4090 6974 5988 7947
7 4182 9380 9660 700 3916 4142 6730
6 2588 2046 5050 869 7187 9802
4 5776 1237 4605 6320
1 447
5 1312 7081 8110 1010 1868
3 3030 2809 3024
5 9790 8804 8672 9827 7315
2 8219 9768
4 8509 6157 2134 849
3 4874 6081 496
3 6513 6537 4097
1 7775
3 568 1702 8096
2 8077 3570
4 3565 4696 7654 6596
6 2194 4423 6619 4940 9410 1627
2 5931 2925
3 4287 5021 3876
4 9374 2942 3334 946
5 9597 155 7618 3829 9527
3 7363 7666 2661
5 3572 415 7608 6447 8194
3 5820 9472 2719
4 3127 730 3913 5398
4 1456 1136 7655 4625
6 3470 1716 2170 3422 8351 9866
3 5729 6663 4789
4 2201 3853 3276 1027
4 1282 3838 2556 7049
3 2700 2296 2901
3 5770 4767 5320
7 5619 9067 2645 1078 4196 9188 3504
3 3728 2454 2783
2 4502 511
3 8677 9841 2678
4 830 9399 6598 9799
6 2161 4021 9493 6159 5284 796
6 1409 4225 6855 8633 6251 8816
4 9268 5425 9028 1185
6 9919 7909 2407 6589 3197 9556
5 4902 8113 5305 321 9724
4 6568 5527 624 4747
4 7350 3057 3554 1864
6 4764 117 827 1570 7583 7471
5 8296 9834 9318 2904 1778
5 7514 756 8443 7908 3048
3 9438 518 8784
3 7319 1851 9343
1 3021
4 2953 8918 6179 5033
3 852 5618 6055
4 4968 287 8768 2406
4 5696 7105 9193 5561
3 4577 8307 9481
3 843 3472 2155
3 1529 8132 5280
4 669 2737 953 6135
4 5652 3874 3062 7886
2 8015 6279
4 1488 8729 6377 9354
3 3800 9164 9192
4 9440 1342 5487 4690
4 6045 5294 6960 8753
5 7267 3463 2379 5649 1099
